211
67
818
390
367
335
652
29
10
78
140
7
93
503
419
11
443
723
267
742
280
487
431
101
358
912
817
674
970
124
565
791
54
259
137
242
66
916
841
637
750
49
385
722
516
861
615
74
564
660
229
395
331
184
762
399
874
699
31
31
498
953
409
201
499
865
350
813
434
177
415
92
674
774
464
179
333
841
393
908
242
665
719
998
176
954
832
231
388
68
674
952
936
685
326
952
313
96
576
720
727
855
1
914
398
513
515
431
603
240
315
385
661
989
298
508
886
442
56
802
800
49
332
969
395
779
93
654
892
681
414
228
928
679
374
141
800
899
923
733
618
837
822
250
873
826
894
281
428
720
284
355
95
550
981
817
965
698
969
448
706
130
544
4
21
130
481
461
354
412
208
97
711
833
330
282
21
343
917
641
583
445
594
787
750
557
649
44
312
821
36
52
281
995
39
851
801
422
838
180
110
375
700
387
125
945
87
413
553
54
184
532
468
65
743
172
373
249
3
538
287
324
760
768
36
875
681
354
706
351
699
321
88
131
967
676
65
10
751
14
48
700
680
203
171
732
118
592
27
987
597
923
826
354
721
338
228
978
611
31
770
194
697
42
5
565
594
209
880
154
656
133
403
657
461
428
765
483
861
767
707
757
385
755
671
43
490
695
885
114
680
751
503
897
550
383
588
422
383
445
475
806
856
946
757
805
970
265
373
752
774
892
143
432
338
308
167
485
751
991
71
670
22
956
481
346
104
809
563
547
48
502
132
645
88
700
290
105
52
931
197
741
499
320
899
549
469
660
143
653
989
134
450
997
824
217
255
473
877
758
993
750
645
658
660
863
44
810
446
579
927
176
18
721
149
566
293
18
478
517
369
341
332
521
730
404
147
942
431
832
206
790
417
858
655
858
328
165
201
409
214
363
580
211
184
460
982
507
150
837
973
244
882
4
206
922
590
90
486
14
209
111
91
519
44
32
936
999
787
666
933
98
287
560
693
605
519
951
351
85
733
982
854
530
751
773
915
524
789
989
84
905
119
501
656
165
198
512
180
636
417
6
937
471
73
300
608
391
177
45
627
498
258
645
68
771
737
921
173
116
279
786
360
972
459
595
271
636
249
341
246
148
975
745
732
918
259
491
444
137
513
80
332
94
108
758
61
936
636
705
154
351
325
897
726
881
298
93
954
125
893
939
164
908
936
798
28
346
876
995
472
654
329
754
683
33
385
247
794
988
47
309
852
446
309
472
836
834
527
754
852
678
158
482
836
332
873
781
678
620
42
365
932
319
431
256
383
790
78
441
798
625
205
620
52
847
541
823
654
155
814
81
14
175
583
456
432
679
973
129
24
703
439
646
711
373
805
731
833
71
269
108
799
558
339
934
639
433
991
788
162
401
93
799
726
275
246
330
559
447
780
635
764
844
12
462
790
988
64
652
624
466
968
192
189
916
170
176
645
209
824
415
800
678
703
970
496
62
898
103
631
610
340
561
790
84
826
765
496
90
891
597
723
537
992
604
734
274
749
365
843
503
383
59
663
350
590
408
812
168
955
652
692
833
587
15
390
491
324
822
232
705
242
549
406
595
7
40
626
350
225
352
234
974
945
370
860
850
35
892
175
160
336
461
179
293
483
546
848
325
793
264
618
426
440
752
545
282
723
885
247
609
703
156
560
651
909
491
994
260
859
482
669
625
330
183
929
119
904
540
581
42
23
829
71
103
763
905
957
502
385
295
541
891
496
742
763
7
417
538
369
427
650
644
135
944
258
938
320
35
657
547
198
886
478
891
915
211
943
955
690
208
483
519
25
773
328
132
189
114
828
41
670
78
412
621
88
272
985
85
649
275
341
273
18
481
420
89
541
261
822
987
71
291
755
483
674
209
566
872
124
148
420
808
207
2
369
654
711
124
972
124
232
98
873
993
706
861
679
334
383
41
641
475
398
873
747
584
760
38
556
321
328
443
222
221
138
839
516
210
172
775
188
131
11
958
82
18
431
924
421
990
286
518
709
100
435
683
899
817
596
897
83
197
335
630
156
389
158
603
332
177
348
99
23
198
728
575
883
976
952
491
357
44
613
76
297
677
395
261
661
475
773
192
47
577
176
940
811
972
998
790
489
515
283
178
735
785
781
144
881
861
14
622
633
671
587
716
833
524
323
588
114
225
374
733
319
634
737
528
771
262
746
265
997
51
291
954
272
418
425
398
261
137
597
352
856
351
126
110
709
749
924
786
855
579
936
767
852
987
330
385
132
165
52
787
248
8
146
344
