123
116
486
202
471
270
137
554
561
320
201
795
2
88
454
445
825
315
340
667
131
585
140
682
987
929
570
836
529
250
205
698
248
886
310
256
80
94
886
376
639
662
932
642
381
326
711
540
724
58
968
705
646
308
468
363
328
669
729
782
481
645
128
223
540
91
375
520
463
247
288
836
191
864
222
629
760
642
661
186
485
757
830
19
990
682
843
70
291
287
544
784
887
565
287
112
40
667
503
410
315
254
109
469
30
789
954
381
150
673
341
62
325
306
837
40
700
975
659
918
913
556
126
778
970
731
570
693
646
682
416
618
679
521
750
621
524
351
519
578
395
395
903
896
187
967
169
910
407
270
704
762
629
171
830
570
135
16
776
361
732
117
819
595
145
756
596
427
722
940
487
378
198
796
8
881
359
787
424
923
929
678
396
387
2
382
917
738
898
934
942
591
638
627
258
933
498
324
274
743
667
318
346
651
757
373
770
275
969
900
116
751
313
974
627
829
89
750
900
795
918
506
312
987
426
964
798
219
714
388
102
921
535
57
578
270
135
60
954
685
164
601
450
481
880
79
457
61
537
476
757
814
548
158
712
7
62
373
264
824
647
676
196
300
781
904
482
981
147
828
936
474
650
373
508
348
10
37
463
916
526
567
45
449
803
701
776
464
725
753
5
913
797
954
709
418
690
511
155
411
641
630
911
9
413
358
619
387
626
320
132
668
580
848
464
605
367
621
285
167
750
214
889
58
361
262
972
1
875
695
828
996
348
550
722
185
794
117
305
616
583
475
444
418
819
718
922
925
394
831
386
694
949
445
94
143
630
984
105
418
573
774
306
707
848
941
684
755
225
109
979
766
276
70
72
870
2
604
208
67
346
967
572
326
795
381
737
489
373
399
766
691
241
781
652
305
957
104
423
909
322
927
107
423
968
84
485
287
65
900
465
928
851
570
732
181
789
101
148
69
515
405
854
727
606
905
357
388
333
471
498
382
404
392
316
458
191
464
816
950
439
102
209
112
813
696
204
770
491
940
421
385
540
856
514
572
106
970
266
254
371
350
308
387
797
742
41
169
328
128
622
330
451
6
301
367
99
144
164
663
805
966
656
807
763
670
540
141
832
484
646
681
899
373
747
34
895
9
764
59
95
888
477
10
862
227
242
184
840
335
720
675
224
768
96
867
75
120
593
562
376
433
746
113
540
413
475
596
618
402
307
168
761
508
230
291
365
359
930
899
665
81
371
15
831
48
110
920
922
14
365
729
763
317
750
428
482
466
761
574
787
987
465
185
815
482
134
526
392
283
791
368
326
710
757
986
764
278
665
213
587
784
404
876
66
964
981
69
542
471
743
264
479
545
1000
95
428
445
90
951
958
213
114
436
530
470
154
347
471
707
396
882
551
669
146
597
279
306
506
837
473
456
829
749
478
221
344
795
85
338
394
362
761
668
36
676
204
476
972
381
625
645
957
185
810
248
165
371
33
911
347
195
968
32
530
577
966
422
945
659
890
47
464
559
883
854
927
122
355
69
793
859
213
865
615
102
580
152
69
81
813
5
137
95
997
819
916
421
354
335
272
248
589
905
867
563
383
989
753
245
847
896
936
598
208
409
531
312
417
972
92
358
761
157
534
66
226
208
663
149
649
34
49
337
721
233
538
466
593
202
457
460
147
911
874
877
68
181
1
202
758
666
349
530
753
119
220
614
62
546
874
502
324
357
532
513
363
811
106
969
203
804
701
953
797
477
14
234
987
136
602
599
273
537
146
65
791
532
789
601
834
51
705
428
40
41
235
488
941
999
346
947
353
172
8
273
375
821
251
463
643
999
960
353
643
410
146
242
829
484
396
336
55
603
480
345
479
314
682
853
136
543
757
892
982
605
258
866
705
55
479
654
88
150
270
871
992
651
234
312
204
654
507
971
830
809
746
813
761
244
429
547
456
764
236
989
420
220
181
539
359
996
241
247
59
905
437
337
642
927
433
897
288
478
955
526
454
314
759
316
323
745
903
541
109
845
608
712
376
327
138
316
516
472
212
672
131
649
251
41
623
691
888
688
37
46
854
225
23
838
275
535
159
820
678
5
26
68
536
439
663
247
961
955
11
134
804
286
570
834
946
723
140
922
784
860
405
664
914
183
869
15
272
624
909
291
932
70
375
96
825
619
631
307
906
557
205
966
567
327
584
386
85
518
761
440
929
974
685
684
127
922
487
672
773
658
394
530
458
181
128
629
775
869
986
383
908
842
551
518
113
805
224
407
147
224
930
26
338
465
