254
334
20
833
883
57
670
521
908
287
700
91
866
589
929
48
445
291
453
307
555
44
311
687
693
283
671
897
261
806
96
705
469
346
185
110
655
353
474
956
388
5
847
142
771
399
703
913
759
35
891
887
460
702
648
459
243
138
673
178
884
2
545
613
710
827
678
754
372
651
33
220
727
429
167
59
98
755
582
312
861
810
498
608
235
370
600
660
714
60
636
661
96
598
478
237
491
415
946
141
637
54
403
139
249
444
459
892
710
923
90
364
705
468
287
839
485
716
117
753
115
395
254
747
918
627
813
306
41
844
255
393
67
877
218
974
574
509
538
728
511
663
221
223
654
134
744
719
536
98
625
943
266
771
790
803
535
329
758
25
71
704
58
962
403
390
225
272
235
35
631
676
221
774
374
326
718
827
487
782
61
977
905
901
941
380
19
587
669
331
719
347
440
363
420
819
686
101
487
921
136
289
400
245
535
671
237
35
409
183
824
737
48
733
243
799
892
596
444
178
629
6
519
435
767
597
600
558
859
705
104
671
70
318
286
856
213
700
408
389
191
582
573
487
789
750
786
596
792
996
709
497
869
137
145
39
684
37
35
868
7
849
760
640
292
936
57
179
832
87
892
812
534
956
192
998
282
698
396
45
951
215
481
201
484
422
348
131
103
73
234
44
1000
10
931
147
763
831
762
27
68
343
10
371
410
313
420
866
502
937
262
543
918
480
620
411
292
680
684
670
58
824
138
47
110
4
333
31
475
843
43
330
357
360
8
590
876
76
891
270
549
23
688
31
810
676
220
995
474
667
417
771
742
578
163
919
375
459
525
686
428
703
398
222
827
862
341
445
699
562
246
885
665
850
943
478
927
61
933
454
602
982
842
658
728
929
466
616
653
891
406
787
981
681
474
492
668
400
560
889
541
100
802
120
980
285
114
389
883
138
965
911
239
483
790
884
536
686
692
663
357
502
35
856
566
187
924
301
403
586
564
518
475
935
918
949
643
193
213
81
788
275
703
662
814
426
974
380
404
343
56
549
337
889
560
602
528
258
341
337
301
854
872
600
575
335
693
314
985
499
88
802
337
418
261
506
978
507
937
571
501
634
630
942
149
397
92
979
99
602
805
82
415
697
713
40
223
435
739
55
277
704
846
488
580
839
612
724
142
271
875
476
505
645
421
704
82
80
718
286
150
306
252
638
594
528
233
124
104
303
348
348
582
738
66
668
969
875
852
519
847
670
109
596
712
906
693
799
307
238
177
474
928
531
761
440
10
793
366
899
249
212
604
777
445
505
553
237
842
742
452
7
892
724
766
257
336
757
180
28
134
313
714
454
536
115
228
321
170
657
561
633
591
243
63
848
804
35
942
982
343
673
947
17
624
524
623
812
572
844
492
360
726
68
574
500
543
321
814
890
388
446
236
306
345
198
711
71
87
125
969
58
527
668
699
150
86
209
461
333
649
266
912
373
884
398
52
120
28
228
789
958
875
580
721
537
607
356
495
735
649
998
305
285
377
921
447
398
12
86
499
857
197
305
152
300
256
12
139
951
614
342
412
901
875
391
312
917
306
459
650
104
723
828
819
406
588
9
324
977
721
873
4
765
550
103
40
479
419
50
288
631
761
72
137
438
844
292
967
39
150
709
60
708
763
439
430
574
681
759
679
813
400
527
755
354
306
805
301
783
166
387
652
62
823
442
701
23
757
934
940
939
850
91
909
283
456
878
942
115
605
694
556
510
301
221
201
327
235
846
146
277
647
68
869
580
771
627
870
447
326
34
391
677
505
539
902
743
795
122
134
927
438
862
957
727
531
217
637
759
914
450
896
606
633
203
694
343
934
712
18
752
935
726
309
102
670
201
306
390
33
81
894
779
604
819
632
774
77
678
43
973
117
976
902
271
372
723
443
281
780
406
379
42
898
388
865
97
333
543
171
716
194
801
697
331
987
409
73
186
758
658
788
332
291
926
819
532
399
239
468
992
523
79
236
441
151
481
602
215
16
728
910
329
513
731
452
880
147
150
868
96
357
743
586
224
113
395
393
685
12
944
579
499
534
476
821
821
594
85
697
969
535
611
64
498
873
799
314
133
948
280
95
188
143
480
35
461
838
33
803
29
694
566
337
562
371
966
589
566
20
221
534
371
64
364
344
383
223
284
701
474
516
52
393
530
443
391
776
518
891
943
280
419
367
325
174
793
401
920
967
4
156
673
808
110
123
26
724
786
31
72
823
285
244
784
65
913
669
601
269
969
748
539
904
288
380
371
631
451
