454
610
742
364
958
669
794
613
118
539
209
951
505
263
539
832
844
806
121
854
739
593
916
957
793
710
337
209
910
203
42
641
951
918
811
434
470
241
551
568
280
165
960
101
861
165
819
872
413
529
295
568
831
21
611
548
35
966
542
365
119
237
250
918
729
176
976
515
170
630
435
689
725
324
519
424
903
521
746
923
722
158
468
188
320
943
207
216
580
519
607
453
886
16
694
2
938
468
976
213
839
861
490
350
930
77
740
55
458
906
6
163
856
771
761
530
919
199
408
988
536
112
190
109
713
423
350
527
490
24
594
705
164
410
882
910
925
353
882
867
762
510
536
75
169
413
861
713
772
479
659
962
45
440
680
311
531
634
21
15
479
217
709
957
857
3
785
989
901
374
314
713
639
248
297
806
737
623
630
217
433
367
398
305
36
986
683
178
684
157
975
974
65
884
641
509
122
694
108
557
197
850
343
966
193
292
806
61
410
818
221
403
779
260
995
84
12
410
438
317
423
146
584
617
10
104
906
245
923
820
544
552
403
912
763
688
254
812
73
909
883
361
891
48
459
186
832
745
609
205
992
425
682
969
800
328
810
943
461
321
464
281
673
520
894
782
219
899
812
77
935
668
619
218
889
536
326
599
448
81
515
807
691
307
123
333
983
182
952
28
411
116
867
39
738
376
67
1
444
647
698
736
677
4
804
250
72
425
670
979
105
616
700
14
881
887
406
559
336
697
781
945
871
767
3
759
289
568
559
593
314
472
602
833
143
288
506
196
443
771
157
763
677
920
645
591
706
960
523
866
556
627
82
401
141
151
990
877
455
454
71
772
826
551
105
787
473
408
378
712
524
60
979
10
807
678
853
424
791
706
688
721
139
934
959
487
621
279
659
916
315
906
842
137
545
76
795
613
582
453
672
509
71
424
38
586
418
729
444
940
769
172
311
833
40
616
423
630
371
466
156
301
908
545
406
892
818
843
688
305
675
853
497
825
169
815
121
692
156
172
768
231
188
685
765
453
915
902
795
293
902
51
707
705
479
184
479
943
146
118
970
681
290
874
217
810
572
978
792
496
386
773
498
193
646
681
79
355
280
183
377
346
621
619
301
325
279
962
346
609
721
917
576
371
161
363
161
612
595
447
403
822
858
192
427
13
566
17
882
407
794
928
853
196
979
513
525
922
713
413
497
570
217
559
60
953
129
188
70
257
382
426
806
544
701
875
569
197
345
529
938
682
652
746
157
932
759
234
984
734
460
204
509
50
409
206
38
742
997
818
267
262
612
845
821
917
931
907
886
410
948
282
199
734
460
977
927
655
260
257
339
73
58
701
509
813
732
4
57
468
976
652
67
927
225
871
657
257
1000
157
288
578
396
199
536
332
688
199
872
890
585
330
22
815
323
591
658
251
952
504
578
128
731
933
247
914
958
106
162
896
968
891
133
604
236
143
98
86
470
938
50
535
719
1
219
907
55
369
599
756
297
828
706
932
996
521
943
584
130
183
647
808
83
571
860
312
475
138
94
472
476
529
498
948
110
707
907
705
776
540
352
958
625
688
420
578
212
827
998
37
644
403
626
994
867
102
394
638
123
742
245
527
662
678
997
382
975
437
223
324
68
113
180
569
983
792
997
660
360
290
315
599
5
972
921
995
85
308
769
562
582
421
787
769
913
230
290
694
479
887
346
25
130
408
690
193
677
575
525
878
771
508
689
827
427
749
868
940
707
108
815
590
224
707
650
70
233
997
667
573
684
793
214
269
32
926
585
507
111
948
935
752
425
667
598
275
909
987
475
883
248
768
560
403
402
723
482
145
523
251
159
415
848
608
872
800
364
374
16
105
579
923
285
875
551
484
971
325
616
21
252
139
566
663
148
563
168
163
74
284
818
325
254
51
31
181
72
217
399
582
218
502
487
576
461
567
159
472
480
70
30
571
444
284
222
239
88
152
87
670
552
674
424
562
976
645
521
22
337
260
974
879
859
686
234
20
552
628
454
617
955
50
945
969
852
512
268
4
926
832
988
881
890
229
946
178
401
459
531
911
611
484
684
234
67
986
543
790
466
237
429
763
606
642
239
313
808
893
698
726
336
533
726
673
154
333
715
657
255
960
982
913
704
89
268
404
333
4
483
11
166
724
621
196
16
62
447
769
454
204
205
868
26
70
477
822
647
666
325
383
155
563
357
597
726
536
295
852
162
389
449
792
843
434
987
712
123
323
752
212
522
4
790
863
739
150
296
907
165
811
478
191
547
5
636
70
220
453
524
528
