867
1000
927
141
940
318
209
673
573
788
516
359
117
672
142
161
601
967
857
344
624
966
143
322
926
849
63
756
78
217
590
854
201
681
689
194
994
2
182
46
761
627
518
275
31
985
597
817
989
796
944
321
421
969
559
410
321
417
199
77
1000
820
86
291
85
550
989
18
415
205
207
414
680
115
742
788
142
644
881
455
680
331
849
425
235
647
849
86
830
590
198
581
772
705
916
809
281
35
254
491
274
450
37
861
842
804
176
545
915
753
223
277
949
729
659
707
9
62
153
102
615
360
516
104
901
30
570
422
614
9
880
882
13
550
942
718
528
989
72
283
233
662
603
435
563
882
770
963
281
61
316
64
490
63
825
700
250
816
612
679
151
631
294
980
615
86
586
4
877
553
711
147
633
425
112
273
483
41
824
363
248
478
106
894
877
176
948
895
379
193
4
440
820
331
236
887
386
95
312
990
612
737
875
885
508
626
333
661
535
781
941
278
41
116
316
569
900
274
776
657
957
676
695
100
333
10
977
561
488
789
112
381
684
231
574
209
456
501
99
328
854
603
542
839
227
38
15
410
967
274
141
46
84
705
874
613
628
561
481
435
361
160
628
646
901
276
954
657
146
696
64
269
741
457
395
739
856
312
131
484
542
372
369
422
191
886
685
29
682
232
463
158
318
977
35
796
44
496
291
765
727
772
615
14
667
586
473
792
605
836
189
244
19
150
257
79
611
279
260
85
53
429
357
823
162
966
362
140
649
708
639
699
998
928
991
194
818
297
375
396
989
993
511
172
827
966
998
12
181
835
628
635
198
637
779
704
515
731
86
763
825
249
865
625
941
300
953
827
390
278
337
923
712
775
320
440
698
325
316
727
421
808
741
287
546
352
618
304
998
763
828
362
85
283
888
477
271
727
632
63
766
56
521
955
845
307
731
889
418
37
484
369
69
456
309
620
483
968
585
991
21
135
28
480
97
506
571
61
920
929
523
843
350
866
298
679
423
236
419
686
69
628
219
430
232
39
118
496
344
867
334
117
38
483
204
405
866
317
539
438
532
3
532
189
733
622
715
975
273
406
941
135
654
386
476
583
37
359
964
265
368
651
56
612
812
639
645
412
288
177
61
280
109
548
806
880
964
172
471
176
382
764
358
381
397
141
550
208
772
183
165
526
379
691
454
688
711
915
78
305
327
470
864
513
334
344
88
280
133
908
884
265
681
386
459
334
810
513
671
535
927
149
122
494
505
43
155
518
547
237
139
52
557
254
353
475
86
223
291
467
481
797
983
22
763
321
565
694
225
980
433
147
843
674
731
550
569
966
826
868
319
158
518
649
785
908
767
99
666
710
804
456
235
454
133
256
144
216
635
73
511
397
407
43
743
809
465
383
133
901
853
304
927
907
158
414
553
614
822
576
891
871
817
855
41
308
346
383
475
980
883
694
188
939
546
123
123
85
171
660
209
610
352
143
682
716
807
799
191
163
264
913
177
897
923
10
983
141
186
874
291
621
692
801
480
14
831
644
247
592
871
574
37
665
738
830
586
517
98
790
770
704
493
160
492
783
736
328
265
651
988
831
960
2
703
735
63
293
984
284
214
639
831
791
152
822
979
968
369
160
971
620
83
131
483
912
675
125
694
268
950
971
709
290
388
588
590
240
387
52
846
287
293
751
128
93
561
5
799
327
322
660
942
669
657
756
726
64
221
43
820
996
362
439
417
845
564
174
63
562
331
527
216
600
621
601
159
580
737
635
3
64
713
730
722
607
673
836
496
711
714
245
732
888
436
369
678
638
304
37
483
767
46
215
823
46
561
61
258
8
366
3
184
949
927
623
746
113
916
328
641
91
509
523
357
17
644
862
938
559
924
116
282
659
642
402
186
321
206
614
559
618
622
997
436
536
324
691
619
42
637
796
542
50
80
187
685
822
218
91
517
138
917
841
370
374
205
104
434
130
217
92
905
581
324
494
190
545
5
847
16
572
260
958
470
520
322
228
844
899
179
212
687
450
487
343
82
742
213
56
823
157
639
818
542
866
739
539
323
498
444
874
404
376
56
703
509
746
823
526
83
921
282
238
141
498
521
719
514
948
981
332
618
436
194
941
290
174
874
573
281
780
143
962
632
902
441
242
104
256
955
242
66
190
406
70
398
180
420
173
9
643
634
412
1
337
184
791
149
775
782
314
298
794
585
181
202
135
575
676
21
210
878
205
469
527
56
684
781
410
38
46
533
976
906
95
591
188
790
389
63
83
252
96
46
344
831
559
601
301
