678
800
626
211
210
442
434
230
698
355
644
783
424
520
77
455
662
321
22
628
269
546
754
57
305
378
964
512
175
895
750
83
353
13
140
773
507
920
339
70
343
660
797
883
107
694
223
977
881
906
739
40
225
546
656
898
226
227
925
151
856
790
412
209
634
493
656
544
577
996
396
469
789
705
556
901
874
320
685
684
338
336
669
911
392
462
790
772
306
619
867
171
878
230
806
230
880
221
113
48
500
727
651
523
954
435
434
343
148
557
35
647
124
908
530
283
968
599
777
767
219
523
131
323
275
28
604
439
219
658
786
820
733
888
745
391
728
406
842
665
878
266
678
883
437
840
475
957
922
273
403
188
48
387
120
515
405
747
673
538
695
12
218
379
337
502
557
250
999
648
414
17
978
377
41
72
552
429
320
849
781
470
965
827
286
411
750
958
646
459
37
582
214
514
950
258
763
744
913
116
852
803
143
215
503
138
704
737
282
729
523
818
474
453
323
91
331
539
77
541
515
107
620
198
981
869
427
408
209
697
117
80
442
738
392
988
415
557
985
643
59
167
657
883
315
122
399
22
666
195
774
998
422
596
555
290
232
656
533
350
346
419
232
839
44
302
493
900
425
969
486
20
304
429
428
663
591
158
149
63
688
500
798
318
940
213
922
367
934
676
231
188
955
288
695
832
618
652
435
832
91
310
210
81
982
440
972
926
323
920
579
897
460
519
108
954
697
955
538
876
286
315
623
117
47
655
219
376
59
908
924
981
870
473
264
612
488
917
636
165
789
338
169
353
932
66
389
834
68
607
966
953
831
63
663
734
346
803
754
331
304
232
408
246
1000
869
695
166
494
560
957
779
614
839
888
966
794
238
626
145
631
289
451
190
925
746
802
180
267
488
376
686
803
282
509
292
236
477
281
566
470
596
794
299
721
467
861
979
806
659
715
442
563
130
976
513
389
220
255
646
15
874
80
727
162
884
678
279
438
960
347
331
282
821
632
431
774
23
177
650
9
664
535
280
129
139
705
336
219
119
672
736
868
93
863
555
457
262
695
893
684
679
896
587
832
572
127
442
4
144
415
718
740
267
900
802
458
387
289
72
373
39
588
868
574
355
836
826
982
416
429
236
5
856
489
63
891
912
950
40
727
731
799
23
948
988
953
17
775
185
288
121
781
100
709
648
454
188
659
340
999
128
980
185
466
242
221
690
594
824
464
151
264
232
359
621
738
281
694
3
834
280
258
287
416
116
47
336
531
985
715
932
680
451
379
535
234
343
63
434
49
479
680
301
5
770
676
228
381
846
87
930
519
510
714
85
54
303
604
849
23
84
391
968
425
231
269
739
615
906
646
246
892
311
931
192
291
294
525
717
123
173
367
173
240
550
11
555
656
769
591
841
452
596
416
576
187
153
465
172
227
77
120
570
711
851
255
320
834
601
880
37
2
824
625
299
577
551
52
262
208
369
925
376
508
331
607
944
895
336
381
474
379
310
126
548
996
586
488
421
520
383
360
320
901
525
775
76
856
329
521
227
400
672
890
863
970
743
41
401
739
869
301
715
511
755
56
483
960
116
617
619
35
442
673
647
377
374
490
301
821
119
989
215
70
72
915
470
15
856
850
762
659
864
661
602
822
756
704
370
32
492
664
743
649
729
882
825
268
322
523
45
441
121
123
582
469
668
625
460
902
307
697
20
666
227
284
709
160
311
660
856
240
604
624
912
439
637
203
897
644
5
830
183
168
881
712
370
229
546
629
944
285
690
776
133
30
389
384
841
36
539
592
813
767
455
26
953
88
320
949
610
520
611
362
75
235
651
314
288
371
584
987
419
45
901
637
549
225
340
589
945
800
926
885
236
208
744
230
623
138
702
873
625
405
702
123
36
46
348
613
363
817
842
126
944
979
606
163
526
199
832
397
717
295
554
357
671
743
291
172
441
983
142
61
696
240
493
294
647
155
313
629
223
91
732
843
921
392
649
7
234
279
228
194
802
617
410
924
134
316
269
268
342
693
640
261
221
665
156
983
460
812
156
940
471
107
547
33
826
661
978
18
957
794
51
870
319
277
772
239
519
71
732
725
539
472
916
785
699
873
980
881
153
99
946
120
453
597
131
123
488
977
846
740
719
325
815
542
292
175
583
497
481
168
917
909
528
135
379
240
873
979
496
215
2
640
143
926
776
607
942
217
349
278
240
390
641
174
680
758
559
989
228
899
234
117
943
5
99
562
927
273
469
234
120
70
180
346
557
374
535
206
659
233
256
424
557
964
649
