695
296
330
48
330
665
215
903
357
256
828
623
365
575
421
901
839
380
205
929
466
679
5
556
846
713
905
188
958
274
44
31
215
266
895
778
118
445
376
710
949
240
477
569
804
348
354
647
760
196
693
104
28
681
914
620
28
492
783
46
279
266
680
508
80
418
415
816
612
858
192
191
848
930
611
106
741
759
347
274
893
570
334
753
389
499
875
811
207
991
186
768
632
244
442
960
121
53
466
494
482
535
485
295
532
662
611
428
602
177
539
983
235
480
939
355
582
743
352
516
989
235
887
211
7
432
908
296
384
380
232
511
375
377
550
726
723
274
460
34
643
493
478
50
166
31
639
616
789
873
283
58
547
657
530
845
446
588
359
276
57
797
483
315
988
542
561
481
277
243
403
735
579
268
779
540
638
386
965
501
954
223
805
174
653
720
715
379
838
495
310
512
623
868
907
111
18
266
698
918
294
328
434
901
719
371
940
625
735
993
82
349
391
453
118
830
801
874
236
29
974
353
793
193
412
150
628
650
1000
422
959
568
278
673
736
595
219
486
979
617
769
298
154
111
703
134
666
78
724
761
292
667
931
519
905
234
71
827
916
479
463
457
556
835
265
332
75
596
193
817
701
435
482
640
919
206
28
489
962
391
984
448
556
979
359
11
777
618
178
239
845
638
866
558
45
929
475
633
191
919
297
620
561
83
407
216
70
297
145
36
31
462
745
843
902
195
14
14
257
347
751
179
98
739
372
986
731
150
97
586
86
943
550
571
509
414
650
506
55
325
685
567
695
175
751
836
29
161
382
547
297
4
17
630
847
582
506
12
35
629
249
773
865
583
484
546
523
714
261
782
704
895
358
414
55
19
767
694
254
716
429
416
433
247
757
396
212
490
503
560
699
748
561
418
772
389
822
188
374
228
373
750
773
206
804
471
786
122
365
163
898
401
987
264
430
552
799
423
662
442
886
349
595
932
985
44
245
604
375
936
654
419
649
949
302
284
209
300
571
893
558
855
258
146
621
670
194
541
586
28
419
787
64
178
271
495
980
578
550
716
652
938
98
541
305
740
840
85
42
557
283
389
454
669
410
585
920
627
935
908
144
449
419
132
754
282
376
538
534
539
766
502
934
478
316
917
730
863
930
11
55
77
600
57
602
216
904
432
592
118
991
94
982
304
219
8
357
617
604
597
929
987
384
369
124
447
882
161
294
434
35
446
561
767
254
918
378
219
133
863
285
486
488
306
919
355
660
44
244
565
983
719
888
983
859
526
883
570
768
968
331
254
9
703
538
631
397
350
431
714
663
594
74
246
212
853
740
85
383
175
296
735
187
35
809
85
802
267
744
60
952
758
227
674
690
721
59
120
836
63
675
729
838
259
293
443
147
862
296
154
848
708
535
575
691
587
217
363
359
294
629
566
572
618
217
5
175
517
87
379
26
509
841
840
479
945
223
544
573
882
48
790
475
104
242
251
14
409
632
662
370
861
95
880
163
606
246
86
740
964
237
967
557
678
392
439
252
683
107
838
266
833
195
528
310
96
552
50
360
137
148
681
359
601
533
138
499
134
321
239
623
596
461
30
676
498
174
825
846
535
361
763
6
431
784
663
445
263
187
790
79
565
680
943
891
230
848
718
332
257
458
432
859
647
366
886
195
248
565
811
578
494
648
450
4
831
222
538
248
668
2
923
112
246
300
626
168
700
812
348
41
701
374
200
169
340
590
577
298
312
882
188
916
128
914
892
74
445
391
629
56
863
205
985
564
894
207
225
95
373
835
985
651
444
162
752
22
167
832
720
524
807
384
612
188
843
317
577
36
539
411
444
740
961
73
319
99
671
647
426
295
212
235
959
166
433
57
935
971
223
695
498
560
646
618
386
310
404
870
244
608
95
149
599
285
458
261
868
773
785
445
37
345
510
2
637
202
257
318
262
504
821
528
538
561
722
497
547
275
614
916
77
760
370
423
303
167
69
764
333
792
512
301
183
943
851
470
35
836
825
373
736
239
896
523
304
568
7
386
759
84
47
765
481
170
426
958
283
739
272
300
366
320
745
289
643
742
794
482
322
187
616
434
619
527
474
332
81
873
284
677
358
617
493
351
106
945
418
893
16
342
948
699
132
863
341
731
874
574
873
204
910
663
239
978
773
5
587
24
674
472
652
611
734
226
398
615
133
161
861
639
95
213
152
338
14
759
349
153
743
876
994
621
86
291
981
543
811
768
553
445
570
387
560
5
283
293
127
669
114
789
800
459
125
901
428
211
524
98
364
