273
508
666
995
232
624
48
917
522
849
477
965
638
286
58
503
905
439
931
671
802
241
515
890
972
642
807
863
812
849
938
607
428
15
449
30
7
724
29
632
447
807
310
833
566
641
422
323
892
510
455
577
182
106
843
724
253
983
862
197
725
594
403
492
12
808
561
408
642
740
44
227
339
219
663
480
80
519
412
836
344
222
600
457
503
52
308
101
73
458
768
305
530
248
511
645
306
887
714
631
839
768
237
356
292
894
939
856
384
685
456
294
562
934
701
295
755
484
667
1000
628
781
66
636
942
254
914
205
691
204
190
270
175
953
715
639
682
290
58
656
884
896
401
90
226
162
567
974
457
606
610
892
518
314
891
808
983
808
933
328
63
783
945
233
778
142
310
568
252
933
453
649
240
93
161
148
222
149
540
111
121
627
708
314
55
571
538
863
900
909
996
917
592
180
674
645
615
80
460
85
570
234
932
299
860
855
680
222
968
265
736
66
100
298
110
173
158
81
721
460
510
401
357
849
748
679
902
817
339
130
558
649
491
707
516
688
749
850
957
126
1
817
933
530
426
640
149
903
499
995
401
609
143
633
719
723
731
944
900
469
806
600
982
479
330
393
870
193
30
987
658
21
251
849
40
49
407
29
496
453
967
72
848
527
173
428
263
258
401
884
785
973
611
473
503
617
232
828
831
220
348
886
16
624
553
451
714
893
764
79
138
2
521
389
245
199
230
253
187
879
514
224
653
610
157
23
543
395
312
664
599
790
62
276
40
999
669
281
215
133
768
436
48
477
343
71
919
422
401
243
537
326
272
805
298
44
1000
376
730
603
745
224
222
203
362
737
522
699
995
461
511
219
86
744
853
744
856
681
411
378
656
129
678
630
648
531
439
90
301
492
941
606
31
150
886
520
506
818
301
585
163
786
272
670
694
74
408
717
554
728
537
800
97
662
127
684
35
346
887
599
281
654
72
302
197
555
539
839
409
993
815
957
257
81
990
717
561
373
355
825
427
1
702
137
744
845
145
282
344
896
129
940
919
889
349
377
342
891
127
868
904
280
141
297
90
22
13
330
680
529
606
44
897
301
500
551
411
712
998
353
836
272
590
295
998
999
993
987
893
294
530
152
118
569
321
488
734
319
952
820
422
369
507
2
324
600
173
328
140
885
156
362
785
226
559
431
882
203
930
416
528
216
873
803
563
739
37
886
435
47
2
360
566
213
686
976
102
258
419
864
69
265
32
697
114
151
581
406
68
977
846
923
435
546
635
502
206
820
917
47
282
374
710
737
950
542
140
767
609
427
482
239
147
272
236
530
640
269
409
99
19
834
409
532
716
864
840
269
510
949
978
510
831
812
561
361
875
154
889
873
376
399
55
12
838
973
411
487
911
618
148
744
429
194
191
529
382
646
573
563
397
893
965
812
654
580
840
52
132
490
989
725
562
16
263
52
140
842
900
717
396
221
269
525
227
990
839
480
75
707
164
25
815
180
383
992
896
699
889
600
562
383
917
812
420
601
148
214
293
800
687
911
489
714
657
735
822
983
501
119
935
824
989
803
407
87
760
267
703
995
96
153
671
825
286
334
309
759
783
803
902
849
753
463
866
8
673
152
140
92
820
798
629
463
263
907
647
642
320
909
447
914
171
846
468
595
276
260
513
21
33
322
815
359
446
322
462
181
791
193
493
210
594
833
258
234
448
660
988
851
860
926
93
429
391
337
730
301
357
606
421
580
264
985
106
207
43
973
946
957
610
747
769
364
953
512
302
117
852
394
995
207
927
906
369
674
884
417
824
798
674
498
97
832
419
396
976
493
704
824
62
180
215
71
600
65
748
298
746
173
960
788
458
62
102
336
80
582
296
177
228
539
683
727
433
901
768
822
435
367
922
377
273
916
569
841
269
33
941
344
86
325
557
662
326
257
817
141
40
333
935
673
913
200
89
200
125
926
773
292
207
412
940
76
840
737
292
427
439
343
526
224
753
160
281
690
26
623
332
974
959
995
264
829
998
877
912
261
63
130
478
481
142
730
447
206
422
82
165
345
864
895
627
401
135
37
314
345
18
552
882
308
879
304
894
707
553
797
685
128
928
875
342
801
27
733
340
801
441
719
761
141
608
883
409
866
649
105
403
7
779
485
552
916
473
377
857
448
776
738
568
218
376
700
919
818
359
128
218
865
245
22
493
874
227
405
136
875
356
356
431
511
546
79
199
474
991
529
456
828
372
24
797
256
325
518
431
913
807
225
927
732
564
744
527
279
362
255
109
105
