656
665
188
70
891
60
43
256
2
595
856
637
236
230
60
771
895
99
569
880
872
260
597
969
198
796
996
118
54
226
701
689
118
137
922
572
71
990
71
458
284
478
360
543
1000
748
429
452
950
187
448
73
378
278
964
989
847
495
190
375
407
696
70
934
510
220
881
662
391
733
724
112
12
685
458
768
886
259
813
228
750
482
628
299
98
811
916
702
419
113
278
487
50
208
911
141
835
495
222
133
44
941
963
752
885
475
676
107
964
16
648
684
323
158
458
350
263
911
4
251
853
699
289
126
327
435
995
595
149
822
903
610
671
285
972
399
904
189
973
417
539
360
225
623
460
218
683
205
214
662
67
660
49
257
642
329
267
155
610
729
347
640
770
667
165
726
883
667
830
180
431
906
472
507
783
481
365
785
200
453
729
791
652
634
779
380
509
537
609
733
953
664
795
745
63
436
967
233
672
956
88
967
413
8
259
253
922
735
875
544
443
663
354
790
43
566
522
309
101
271
654
170
424
618
787
654
154
178
113
305
848
793
179
318
788
963
736
787
624
202
772
480
732
832
205
118
542
384
754
971
176
257
552
424
553
504
602
10
64
431
335
734
746
891
439
390
117
993
733
387
11
227
246
451
264
261
680
760
3
70
581
389
297
839
733
106
742
389
368
647
260
813
759
392
545
99
517
851
598
288
414
235
404
330
915
571
467
265
290
851
669
130
379
364
506
256
334
259
839
405
822
580
272
173
600
795
587
94
311
552
526
432
858
91
319
607
197
757
948
235
112
787
532
220
594
253
614
651
711
611
965
57
371
534
975
72
351
209
254
61
347
173
138
963
626
73
342
354
533
678
605
7
23
861
501
915
957
371
498
265
770
916
521
528
557
14
456
552
759
187
76
26
924
270
659
900
319
43
851
868
689
337
39
126
691
925
637
81
82
511
635
441
632
807
432
767
764
88
226
15
454
424
980
732
326
139
833
188
714
565
816
171
449
720
569
155
768
115
747
559
852
591
206
971
230
758
612
682
475
40
503
455
59
523
930
182
729
20
434
933
715
149
855
675
976
675
326
890
966
496
896
219
714
464
160
331
749
129
319
189
333
639
465
128
923
85
345
591
701
945
123
61
871
289
694
60
35
706
440
252
233
645
375
194
874
131
804
718
392
499
683
511
667
424
248
106
678
295
694
677
18
513
57
618
921
309
547
187
826
307
28
934
363
949
149
360
382
316
578
799
220
273
903
444
597
158
352
502
297
119
66
637
233
303
469
200
692
992
816
716
347
657
723
274
872
811
767
648
343
969
868
665
332
677
982
730
583
950
661
208
119
435
68
664
344
864
581
679
647
963
142
469
832
102
40
605
449
438
177
331
591
866
68
972
476
807
430
638
1000
793
981
971
517
944
611
696
199
304
367
976
912
763
23
225
221
716
352
138
16
796
414
434
677
623
942
690
610
215
125
938
921
733
970
440
644
577
783
232
289
770
946
764
389
379
102
82
977
739
144
59
889
306
906
184
385
768
117
797
64
412
806
466
235
218
458
883
227
349
246
20
708
80
33
332
734
942
80
277
676
714
433
112
533
622
565
171
16
637
207
745
859
723
633
57
911
170
624
150
66
767
934
644
418
230
972
920
915
126
860
722
366
608
88
813
19
141
662
427
217
734
773
249
449
903
504
953
605
933
14
682
200
806
361
341
909
916
244
686
751
899
522
49
928
248
501
935
60
522
264
912
638
622
20
560
284
383
360
372
672
966
513
61
298
155
309
250
747
516
426
244
21
988
402
718
723
520
566
575
901
521
477
528
453
783
726
404
921
53
199
535
749
960
943
577
471
292
536
323
269
762
796
88
143
383
455
445
43
818
84
447
924
98
355
383
240
658
150
408
826
995
427
740
204
161
24
17
231
446
817
949
589
702
357
490
407
851
168
975
983
594
471
868
675
998
293
530
963
707
426
673
357
173
889
414
437
140
23
917
391
20
694
65
585
401
886
711
122
150
354
343
749
321
404
991
436
484
929
55
778
872
824
488
982
300
875
172
305
495
319
579
395
573
279
625
69
195
539
686
321
327
248
220
624
256
420
127
366
259
14
166
146
992
678
876
83
221
13
159
854
602
329
258
748
635
377
896
696
989
551
760
390
164
949
885
206
809
209
295
963
297
354
116
165
522
961
956
117
968
979
449
193
35
871
950
948
809
583
572
782
904
772
778
607
456
732
100
719
578
628
813
70
698
342
595
495
491
134
924
575
333
32
235
378
897
252
70
779
440
147
117
