431
873
884
639
920
66
98
287
164
158
805
119
968
893
209
211
401
897
55
41
723
922
282
967
334
38
980
692
538
142
324
308
721
504
121
390
328
588
43
189
253
870
219
5
931
688
911
872
90
525
467
615
568
344
749
829
577
259
835
92
781
41
803
741
518
296
109
307
47
325
767
249
104
154
349
776
230
36
344
455
507
832
999
617
72
549
310
976
873
936
552
276
272
807
730
415
881
992
180
728
586
456
986
348
990
752
706
368
286
199
609
614
275
577
790
2
806
545
574
774
793
955
666
159
803
644
126
338
531
160
182
332
974
301
983
355
745
857
498
644
987
880
661
665
951
13
601
76
407
642
364
228
703
183
682
213
474
613
964
417
503
679
233
96
744
33
419
760
356
588
903
182
388
907
594
977
448
288
280
376
983
445
837
937
75
392
732
949
566
799
839
717
935
480
764
960
469
198
918
14
408
527
495
393
21
551
47
88
582
153
412
603
186
974
628
218
173
107
430
820
97
500
737
824
666
388
825
386
763
442
447
278
151
985
845
709
900
241
161
597
562
161
402
392
547
197
854
985
146
268
811
498
149
477
159
769
110
794
820
522
186
814
641
867
61
675
399
438
355
526
392
864
423
427
309
300
210
356
377
731
221
785
901
198
920
84
834
826
676
595
158
592
658
16
137
875
243
343
229
217
398
912
834
701
476
468
749
547
100
314
508
380
913
454
374
662
274
557
979
856
203
216
561
619
650
162
829
554
580
99
494
34
516
924
738
144
868
414
965
854
280
18
756
707
698
865
530
986
731
542
905
784
633
295
876
112
316
686
808
78
604
813
919
105
228
797
600
672
430
89
203
569
954
674
294
356
369
908
731
928
838
341
320
574
596
684
731
670
822
276
565
466
87
295
401
231
943
351
319
186
269
523
217
402
962
429
759
368
917
207
253
613
142
817
973
373
311
296
734
739
207
696
83
475
499
963
388
37
742
114
792
937
30
603
913
469
682
879
988
595
766
943
295
372
899
463
695
187
93
358
420
501
281
711
605
784
986
903
216
422
953
735
286
994
759
364
955
480
631
746
362
747
326
433
630
864
986
129
250
183
42
232
308
126
133
772
552
951
846
265
779
568
165
238
253
754
10
698
525
401
169
765
148
800
711
495
928
616
795
180
480
61
272
788
309
468
526
479
306
168
572
107
793
81
925
580
643
510
915
307
763
937
406
422
524
820
246
542
136
499
263
860
957
398
415
833
690
634
354
4
567
225
708
971
391
590
664
118
988
656
982
399
447
720
652
920
672
34
333
537
848
371
653
727
782
203
423
368
52
380
453
643
875
208
258
170
713
645
811
811
432
402
361
821
776
907
77
916
113
684
374
626
65
845
230
226
110
953
36
945
615
448
14
494
20
805
211
596
286
449
543
923
185
132
218
207
643
972
565
399
679
355
743
363
696
108
813
899
374
824
486
575
325
618
241
87
590
920
604
823
526
392
518
830
233
904
354
516
650
71
240
927
979
702
100
573
977
751
621
718
108
142
423
426
250
575
354
394
483
442
356
796
311
468
15
529
370
220
771
741
276
7
600
231
847
652
498
801
595
402
851
727
813
891
719
27
358
441
643
660
652
566
233
577
602
865
206
800
767
105
390
976
501
492
508
308
400
309
618
532
17
398
358
652
394
680
44
551
501
547
566
627
246
945
903
162
674
780
995
839
852
10
836
855
509
570
408
52
201
17
50
169
958
690
437
433
321
128
807
3
249
388
893
702
949
249
469
570
622
95
490
443
66
861
825
693
919
395
419
522
549
733
706
653
879
535
634
838
691
894
44
877
531
378
485
760
499
310
474
472
272
850
824
72
400
466
636
820
236
976
162
225
274
66
351
26
713
60
95
883
960
370
777
737
503
581
194
201
953
607
430
171
560
59
709
380
33
33
785
312
359
393
868
594
733
52
693
81
746
136
23
172
475
355
720
896
7
256
670
712
825
309
993
145
938
302
304
617
588
185
116
875
896
863
51
619
530
188
864
712
186
637
221
807
651
918
106
213
498
853
83
812
597
964
524
417
875
814
840
499
30
120
410
950
105
506
741
427
461
244
95
406
434
851
315
824
179
847
1000
801
141
948
285
436
811
618
409
918
480
488
520
817
85
152
86
513
382
72
409
323
916
470
956
293
509
308
862
277
967
345
997
831
800
197
958
184
530
721
23
746
37
652
497
89
351
233
166
593
593
352
542
51
438
466
405
959
20
926
700
13
377
762
837
956
709
224
461
160
77
912
