477 2
651 2
939 2
994 2
440 2
71 2
860 2
972 2
730 2
71 2
353 2
285 2
664 2
346 2
298 2
120 2
262 2
84 2
204 2
888 2
912 2
957 2
365 2
460 2
160 2
843 2
634 2
842 2
506 2
246 2
502 2
342 2
516 2
367 2
561 2
297 2
210 2
672 2
793 2
371 2
453 2
873 2
556 2
622 2
659 2
452 2
185 2
397 2
363 2
969 2
249 2
364 2
560 2
494 2
564 2
831 2
780 2
240 2
446 2
522 2
513 2
136 2
742 2
497 2
967 2
866 2
914 2
266 2
502 2
382 2
818 2
587 2
886 2
902 2
758 2
759 2
494 2
796 2
170 2
227 2
605 2
803 2
54 2
354 2
543 2
42 2
883 2
133 2
957 2
301 2
52 2
799 2
865 2
175 2
792 2
903 2
33 2
608 2
843 2
751 2
105 2
420 2
747 2
869 2
322 2
32 2
69 2
811 2
264 2
86 2
281 2
912 2
187 2
705 2
75 2
210 2
629 2
673 2
857 2
690 2
771 2
151 2
512 2
97 2
661 2
397 2
117 2
939 2
894 2
749 2
303 2
237 2
563 2
955 2
459 2
619 2
107 2
519 2
329 2
510 2
381 2
560 2
384 2
893 2
305 2
333 2
402 2
769 2
309 2
960 2
380 2
388 2
856 2
314 2
562 2
889 2
666 2
695 2
244 2
652 2
322 2
157 2
619 2
937 2
999 2
213 2
170 2
297 2
109 2
867 2
910 2
728 2
969 2
850 2
104 2
791 2
333 2
764 2
381 2
478 2
822 2
753 2
73 2
672 2
190 2
943 2
460 2
96 2
428 2
244 2
144 2
334 2
838 2
813 2
424 2
458 2
648 2
19 2
910 2
806 2
114 2
286 2
313 2
826 2
273 2
128 2
419 2
771 2
799 2
692 2
241 2
5 2
798 2
515 2
22 2
650 2
537 2
663 2
732 2
781 2
902 2
382 2
211 2
633 2
668 2
822 2
382 2
486 2
88 2
626 2
777 2
228 2
502 2
80 2
627 2
262 2
535 2
417 2
187 2
47 2
70 2
662 2
918 2
384 2
15 2
605 2
81 2
277 2
97 2
779 2
125 2
186 2
498 2
244 2
192 2
892 2
911 2
283 2
57 2
412 2
914 2
81 2
843 2
40 2
291 2
788 2
682 2
184 2
354 2
262 2
4 2
69 2
125 2
230 2
181 2
224 2
945 2
173 2
913 2
767 2
429 2
799 2
960 2
276 2
881 2
862 2
400 2
911 2
817 2
847 2
657 2
450 2
88 2
135 2
244 2
27 2
925 2
89 2
142 2
163 2
660 2
670 2
965 2
35 2
903 2
435 2
150 2
983 2
296 2
588 2
831 2
597 2
194 2
947 2
390 2
282 2
575 2
982 2
515 2
615 2
329 2
792 2
877 2
497 2
844 2
689 2
570 2
247 2
381 2
329 2
82 2
706 2
236 2
574 2
986 2
984 2
367 2
414 2
822 2
665 2
135 2
445 2
431 2
250 2
469 2
912 2
25 2
892 2
160 2
717 2
914 2
882 2
549 2
510 2
67 2
165 2
998 2
84 2
724 2
859 2
349 2
203 2
159 2
159 2
826 2
35 2
357 2
370 2
923 2
344 2
338 2
311 2
126 2
783 2
121 2
936 2
465 2
508 2
907 2
50 2
891 2
120 2
699 2
378 2
116 2
171 2
727 2
820 2
178 2
357 2
476 2
861 2
418 2
128 2
761 2
744 2
598 2
996 2
229 2
984 2
34 2
843 2
590 2
483 2
547 2
995 2
489 2
339 2
451 2
316 2
744 2
836 2
631 2
291 2
802 2
320 2
937 2
917 2
904 2
645 2
636 2
856 2
898 2
294 2
2 2
943 2
892 2
241 2
981 2
522 2
350 2
267 2
314 2
423 2
648 2
46 2
841 2
284 2
30 2
389 2
741 2
706 2
47 2
563 2
578 2
993 2
403 2
13 2
896 2
540 2
933 2
365 2
844 2
498 2
225 2
867 2
779 2
347 2
96 2
430 2
71 2
738 2
307 2
974 2
562 2
398 2
903 2
348 2
820 2
622 2
680 2
106 2
182 2
190 2
7 2
100 2
665 2
957 2
248 2
152 2
863 2
696 2
843 2
164 2
713 2
193 2
873 2
24 2
839 2
537 2
669 2
328 2
993 2
949 2
982 2
643 2
529 2
893 2
996 2
625 2
87 2
581 2
942 2
754 2
974 2
402 2
425 2
390 2
12 2
942 2
880 2
392 2
894 2
831 2
432 2
519 2
735 2
463 2
375 2
650 2
621 2
926 2
758 2
877 2
468 2
12 2
4 2
515 2
170 2
428 2
871 2
7 2
351 2
787 2
992 2
179 2
396 2
817 2
960 2
484 2
212 2
49 2
838 2
170 2
45 2
41 2
740 2
900 2
282 2
828 2
335 2
878 2
130 2
911 2
805 2
274 2
915 2
684 2
345 2
609 2
821 2
809 2
85 2
836 2
320 2
506 2
190 2
942 2
69 2
47 2
687 2
640 2
223 2
521 2
282 2
789 2
414 2
1000 2
158 2
109 2
592 2
668 2
960 2
881 2
767 2
325 2
915 2
481 2
511 2
973 2
124 2
39 2
605 2
9 2
924 2
191 2
36 2
54 2
366 2
608 2
863 2
917 2
492 2
936 2
12 2
673 2
148 2
541 2
770 2
176 2
549 2
907 2
451 2
741 2
604 2
841 2
435 2
600 2
849 2
737 2
292 2
154 2
776 2
96 2
253 2
173 2
546 2
203 2
175 2
972 2
913 2
811 2
812 2
477 2
608 2
616 2
924 2
193 2
389 2
18 2
698 2
469 2
823 2
288 2
910 2
887 2
61 2
546 2
863 2
771 2
155 2
145 2
101 2
352 2
23 2
741 2
44 2
786 2
819 2
882 2
209 2
683 2
522 2
134 2
367 2
293 2
636 2
42 2
230 2
476 2
220 2
822 2
753 2
389 2
664 2
32 2
735 2
443 2
193 2
844 2
828 2
213 2
840 2
949 2
44 2
468 2
522 2
477 2
20 2
622 2
609 2
109 2
396 2
759 2
477 2
751 2
828 2
412 2
307 2
946 2
526 2
709 2
787 2
146 2
266 2
384 2
831 2
931 2
918 2
176 2
716 2
359 2
990 2
689 2
763 2
689 2
395 2
488 2
136 2
995 2
940 2
825 2
516 2
663 2
818 2
596 2
277 2
877 2
82 2
40 2
641 2
567 2
653 2
640 2
799 2
251 2
387 2
343 2
86 2
477 2
331 2
65 2
534 2
163 2
831 2
553 2
370 2
726 2
322 2
690 2
408 2
750 2
125 2
891 2
499 2
232 2
231 2
344 2
279 2
629 2
137 2
124 2
217 2
199 2
349 2
78 2
576 2
975 2
533 2
78 2
509 2
203 2
335 2
859 2
435 2
151 2
432 2
478 2
116 2
783 2
21 2
313 2
962 2
428 2
605 2
115 2
47 2
596 2
365 2
169 2
222 2
89 2
532 2
553 2
749 2
958 2
902 2
580 2
933 2
588 2
779 2
428 2
577 2
737 2
256 2
106 2
231 2
397 2
210 2
951 2
648 2
200 2
980 2
224 2
520 2
316 2
922 2
809 2
644 2
304 2
35 2
829 2
137 2
450 2
50 2
199 2
608 2
600 2
318 2
672 2
485 2
223 2
550 2
323 2
755 2
972 2
900 2
75 2
314 2
111 2
303 2
873 2
944 2
816 2
220 2
775 2
508 2
660 2
842 2
571 2
819 2
525 2
192 2
295 2
476 2
335 2
260 2
923 2
782 2
782 2
427 2
918 2
489 2
853 2
759 2
510 2
133 2
189 2
615 2
9 2
416 2
585 2
850 2
933 2
712 2
231 2
710 2
189 2
709 2
724 2
230 2
16 2
75 2
527 2
90 2
209 2
165 2
202 2
129 2
228 2
501 2
225 2
418 2
381 2
277 2
12 2
259 2
487 2
792 2
327 2
373 2
316 2
316 2
979 2
284 2
155 2
287 2
214 2
644 2
806 2
305 2
874 2
100 2
764 2
922 2
705 2
774 2
272 2
27 2
784 2
626 2
650 2
335 2
409 2
643 2
8 2
215 2
392 2
370 2
628 2
992 2
9 2
600 2
824 2
158 2
457 2
581 2
561 2
994 2
350 2
997 2
208 2
421 2
656 2
667 2
995 2
19 2
678 2
775 2
199 2
397 2
967 2
506 2
565 2
899 2
405 2
91 2
61 2
588 2
156 2
842 2
879 2
126 2
848 2
655 2
730 2
881 2
287 2
403 2
303 2
825 2
959 2
214 2
549 2
610 2
904 2
931 2
650 2
574 2
142 2
207 2
620 2
856 2
202 2
908 2
731 2
453 2
818 2
641 2
542 2
943 2
264 2
436 2
288 2
469 2
64 2
374 2
960 2
508 2
187 2
