912 1
646 1
417 1
855 1
36 1
914 1
550 1
801 1
801 1
502 1
186 1
934 1
149 1
837 1
863 1
374 1
462 1
505 1
809 1
318 1
311 1
185 1
238 1
739 1
364 1
103 1
817 1
990 1
153 1
59 1
343 1
970 1
145 1
355 1
564 1
280 1
900 1
917 1
432 1
981 1
776 1
193 1
725 1
58 1
794 1
22 1
396 1
170 1
152 1
279 1
30 1
908 1
562 1
842 1
148 1
788 1
725 1
64 1
648 1
679 1
201 1
332 1
171 1
100 1
586 1
972 1
840 1
501 1
106 1
207 1
528 1
147 1
606 1
931 1
697 1
731 1
263 1
130 1
419 1
685 1
633 1
100 1
71 1
594 1
933 1
596 1
300 1
219 1
476 1
963 1
330 1
515 1
129 1
583 1
649 1
526 1
614 1
27 1
542 1
690 1
812 1
416 1
462 1
944 1
769 1
200 1
406 1
958 1
356 1
393 1
745 1
685 1
995 1
57 1
591 1
342 1
399 1
920 1
362 1
309 1
743 1
953 1
723 1
826 1
424 1
754 1
957 1
385 1
678 1
500 1
776 1
235 1
780 1
937 1
279 1
679 1
59 1
493 1
98 1
215 1
585 1
365 1
26 1
15 1
162 1
403 1
678 1
486 1
162 1
312 1
701 1
751 1
682 1
456 1
702 1
655 1
181 1
146 1
4 1
104 1
902 1
89 1
410 1
679 1
871 1
940 1
319 1
206 1
718 1
768 1
426 1
25 1
541 1
363 1
328 1
177 1
38 1
141 1
971 1
311 1
768 1
3 1
306 1
977 1
270 1
240 1
271 1
233 1
390 1
287 1
80 1
157 1
957 1
47 1
845 1
25 1
431 1
154 1
509 1
488 1
599 1
130 1
441 1
956 1
574 1
450 1
753 1
479 1
733 1
587 1
519 1
804 1
747 1
41 1
855 1
541 1
419 1
196 1
685 1
918 1
926 1
33 1
469 1
31 1
816 1
722 1
533 1
375 1
991 1
445 1
435 1
792 1
669 1
668 1
515 1
103 1
514 1
884 1
34 1
860 1
747 1
721 1
84 1
570 1
182 1
98 1
407 1
288 1
26 1
95 1
606 1
247 1
379 1
861 1
179 1
201 1
636 1
917 1
826 1
707 1
58 1
665 1
375 1
680 1
375 1
612 1
241 1
476 1
563 1
886 1
6 1
703 1
50 1
44 1
856 1
404 1
886 1
686 1
65 1
6 1
243 1
61 1
126 1
891 1
412 1
52 1
286 1
196 1
987 1
223 1
428 1
631 1
48 1
93 1
434 1
774 1
450 1
122 1
161 1
499 1
977 1
471 1
487 1
744 1
613 1
39 1
989 1
419 1
699 1
815 1
660 1
883 1
15 1
401 1
316 1
761 1
931 1
5 1
759 1
904 1
974 1
152 1
102 1
488 1
762 1
155 1
944 1
19 1
133 1
528 1
672 1
123 1
905 1
807 1
429 1
189 1
971 1
521 1
944 1
766 1
615 1
530 1
296 1
871 1
95 1
823 1
886 1
545 1
234 1
942 1
855 1
353 1
614 1
764 1
477 1
931 1
871 1
639 1
565 1
84 1
913 1
699 1
906 1
966 1
703 1
312 1
683 1
859 1
1 1
687 1
87 1
932 1
535 1
101 1
12 1
116 1
272 1
730 1
304 1
900 1
469 1
957 1
781 1
57 1
394 1
714 1
414 1
621 1
137 1
547 1
19 1
111 1
380 1
328 1
717 1
562 1
896 1
319 1
488 1
894 1
22 1
34 1
664 1
868 1
54 1
973 1
71 1
113 1
495 1
368 1
85 1
364 1
558 1
591 1
94 1
636 1
147 1
82 1
897 1
408 1
924 1
289 1
312 1
720 1
577 1
219 1
764 1
476 1
484 1
958 1
147 1
514 1
401 1
36 1
279 1
193 1
303 1
793 1
267 1
550 1
751 1
507 1
31 1
463 1
704 1
643 1
2 1
743 1
779 1
198 1
532 1
501 1
485 1
435 1
274 1
926 1
560 1
87 1
312 1
456 1
465 1
283 1
683 1
601 1
699 1
241 1
894 1
397 1
677 1
261 1
899 1
948 1
415 1
564 1
138 1
657 1
601 1
32 1
808 1
675 1
872 1
751 1
908 1
364 1
796 1
23 1
209 1
421 1
253 1
181 1
922 1
156 1
668 1
815 1
680 1
499 1
468 1
926 1
135 1
280 1
469 1
746 1
654 1
615 1
558 1
64 1
231 1
145 1
353 1
110 1
590 1
340 1
664 1
199 1
437 1
532 1
183 1
97 1
942 1
777 1
335 1
486 1
535 1
809 1
207 1
617 1
935 1
899 1
775 1
717 1
208 1
781 1
256 1
25 1
702 1
818 1
919 1
967 1
754 1
56 1
21 1
364 1
825 1
78 1
719 1
476 1
900 1
777 1
52 1
491 1
122 1
231 1
956 1
745 1
755 1
517 1
301 1
270 1
158 1
72 1
219 1
632 1
721 1
770 1
976 1
950 1
15 1
448 1
649 1
9 1
49 1
113 1
467 1
228 1
636 1
422 1
349 1
463 1
985 1
253 1
964 1
995 1
25 1
583 1
809 1
612 1
528 1
755 1
136 1
210 1
708 1
833 1
540 1
574 1
116 1
111 1
940 1
312 1
560 1
83 1
51 1
747 1
939 1
477 1
203 1
984 1
265 1
167 1
864 1
835 1
287 1
309 1
449 1
654 1
716 1
7 1
285 1
508 1
232 1
33 1
694 1
195 1
70 1
902 1
454 1
293 1
116 1
860 1
621 1
108 1
979 1
315 1
748 1
987 1
15 1
897 1
754 1
686 1
650 1
307 1
40 1
262 1
650 1
546 1
923 1
450 1
286 1
577 1
52 1
997 1
348 1
888 1
290 1
637 1
658 1
368 1
827 1
14 1
225 1
945 1
521 1
129 1
88 1
255 1
368 1
170 1
935 1
808 1
413 1
766 1
544 1
713 1
229 1
950 1
793 1
547 1
369 1
536 1
848 1
780 1
940 1
523 1
854 1
698 1
762 1
154 1
8 1
950 1
918 1
434 1
97 1
546 1
561 1
532 1
911 1
45 1
449 1
216 1
2 1
690 1
484 1
467 1
941 1
35 1
142 1
922 1
796 1
154 1
964 1
374 1
350 1
387 1
581 1
588 1
498 1
537 1
846 1
565 1
400 1
424 1
577 1
835 1
510 1
141 1
61 1
798 1
985 1
740 1
743 1
739 1
795 1
525 1
751 1
477 1
92 1
868 1
197 1
540 1
632 1
86 1
644 1
704 1
316 1
298 1
982 1
409 1
787 1
58 1
57 1
374 1
555 1
143 1
774 1
853 1
880 1
878 1
422 1
326 1
812 1
917 1
57 1
430 1
393 1
587 1
505 1
969 1
326 1
824 1
391 1
479 1
386 1
68 1
424 1
396 1
29 1
765 1
45 1
478 1
795 1
28 1
229 1
869 1
273 1
392 1
961 1
183 1
959 1
842 1
281 1
709 1
483 1
792 1
686 1
384 1
725 1
178 1
832 1
436 1
646 1
905 1
231 1
293 1
226 1
324 1
254 1
411 1
222 1
407 1
715 1
820 1
203 1
134 1
499 1
640 1
624 1
53 1
696 1
945 1
287 1
487 1
831 1
994 1
865 1
751 1
473 1
258 1
891 1
32 1
813 1
593 1
402 1
619 1
304 1
726 1
386 1
760 1
160 1
723 1
115 1
778 1
465 1
47 1
675 1
745 1
861 1
813 1
966 1
688 1
912 1
166 1
939 1
806 1
752 1
804 1
417 1
971 1
180 1
344 1
575 1
55 1
706 1
847 1
644 1
638 1
88 1
42 1
98 1
341 1
621 1
597 1
304 1
272 1
559 1
916 1
23 1
193 1
271 1
907 1
336 1
566 1
272 1
166 1
468 1
2 1
774 1
409 1
231 1
797 1
665 1
925 1
416 1
856 1
612 1
974 1
94 1
223 1
833 1
907 1
516 1
170 1
697 1
108 1
832 1
385 1
536 1
492 1
188 1
80 1
71 1
588 1
883 1
274 1
983 1
561 1
192 1
153 1
900 1
151 1
845 1
742 1
157 1
161 1
878 1
806 1
985 1
744 1
199 1
948 1
403 1
761 1
949 1
449 1
337 1
122 1
727 1
910 1
881 1
958 1
704 1
989 1
176 1
159 1
842 1
665 1
38 1
65 1
689 1
281 1
95 1
684 1
636 1
473 1
505 1
827 1
726 1
267 1
94 1
534 1
859 1
237 1
348 1
758 1
820 1
108 1
781 1
573 1
987 1
792 1
819 1
209 1
383 1
231 1
195 1
516 1
784 1
545 1
815 1
902 1
681 1
161 1
387 1
987 1
699 1
62 1
59 1
638 1
740 1
336 1
770 1
818 1
325 1
430 1
465 1
244 1
570 1
94 1
113 1
944 1
254 1
900 1
